183615763
188020578
189824444
199004590
190679949
186365023
193009362
177041537
177283215
183850234
177317383
200823919
203645953
169177083
202714092
198569960
185923712
202679777
196373698
196394603
202298790
162242674
188014110
169851315
167639002
198983803
197707169
183741842
168289569
159527504
159489978
161476704
160673913
203102707
156631435
149539068
151193522
148834405
202563635
210056935
147617538
148823266
147606552
144805947
156060147
144263662
144067665
141539104
144776220
168299946
141533239
138047753
190609961
134339410
134336677
134327465
137065291
134253038
134016735
132883802
202656479
133189645
187159898
129747921
128821354
128784303
129311646
203091324
144814892
138176033
181223307
161502339
168300126
129069229
125188432
124964655
196560591
152159846
124847345
124548058
124548104
124026689
186241161
122277258
121645663
121475062
122317364
188034635
121081165
119876231
118787913
118517394
118476152
118390468
174659405
201717286
118085848
168300184
179336745
125023052
117839158
116482675
116472708
116097343
116039572
117123209
195088980
158484395
194566505
115450197
114257534
114633020
121385420
113854359
113782758
114985986
113902606
147394649
114774783
112800770
111893880
111692143
179121750
113681166
190094145
111423098
174851281
111684544
110159667
168300085
111518597
116479973
131847799
107842383
107907197
104848850
102206845
138052472
101751917
117116500
101742542
114043088
98462485
97860859
109697033
128803865
100301120
99094452
193058751
100110316
94220669
193289622
93643670
77890787
87094801
162850037
92690722
97405679
111645291
72205157
99376423
110073391
101729590
75336601
97860670
77636608
69633701
98879098
68033657
69549252
94884497
68014830
71524527
67558217
66027166
62347709
125048641
209728828
62480492
61818807
104860889
142810215
60725239
60598108
197591673
59929191
62347499
187173918
59345999
180882988
57274011
113278779
107192592
55292068
52079716
51488814
210805673
208377080
75444203
62128393
209145136
126527384
210454868
51458529
206521165
207253213
128063665
203549921
201149283
130178423
204959030
53035113
198779868
148806310
130723533
113866365
68568038
117674913
161312758
116922032
107733402
117887882
157729355
100688831
181111017
100254053
201683793
101433580
196128004
58186594
193219454
205371997
179336443
187548972
149604018
149491985
93397028
73189531
144245677
73066430
136788260
70835450
124965730
70755756
113583347
127634692
70755184
116603279
208375569
70446186
69319148
70447546
55747408
203948801
69317734
60738445
202746137
202020654
200694099
174275070
165289468
198940002
199153403
160393981
191412792
189613896
68584008
188551761
192125685
182338975
204757706
180438546
177032763
98385726
177700817
144663915
114991854
177018574
177017662
66200608
176410363
176247112
184156126
175454385
206403154
175429874
71875358
173954316
201058798
172611799
171244719
170655349
180894281
172609971
170452619
179770621
170274924
170447566
169637616
169636984
169542927
169363988
168297766
168174732
167939454
167914443
166569503
169210382
164767511
162640647
163625350
162232615
163212668
162131341
160522071
159958045
162152576
160401522
205498190
189467573
157596361
154285800
155835281
91222050
51423573
151855368
151756241
149905980
149865229
149142052
148498061
148492297
147281601
156864449
151446101
203264788
113577275
147072749
146440424
154054590
146397423
144864324
143590455
93625787
146409179
174003961
168300052
147849897
138304679
138292965
146047233
196372605
142734725
140098338
134249264
133806968
140112650
142197146
136914895
208461774
172798057
131376064
129679250
127646135
114242250
168300021
134678842
121070703
113281156
206114078
142180601
202416270
179558982
111754504
138788359
109991653
109988112
168300000
106912194
123745700
106809817
104006573
104791099
101969742
114274963
136533874
99818772
99626217
102019189
98337573
94769647
94540459
98104517
130760330
86718063
90606002
99818656
84638135
90097102
74563857
74555879
72701807
97510226
180943862
56770272
191866538
193106459
72141174
128838368
105262917
133161347
83448687
71786096
70544902
72106470
119900931
65570082
63977506
121489414
64664762
60247808
63162683
59624332
58459706
58471547
68821369
56155029
54738303
57875239
203956223
53643643
53695098
53389561
204928863
57266534
127129552
53270035
53247573
52469180
83412053
51420359
50836060
50925536
50615084
50661144
56552714
50653019
50412126
53246135
49821956
51420556
51526707
192517240
203381162
137238154
70233396
107716537
57089068
205862993
206090507
202234195
190525854
144239456
109268273
196162127
197732119
50114400
49511253
193059877
192533212
191779269
66274911
190780387
191788185
201339526
131363439
182350203
143961814
66551097
109427958
60788879
210072578
210296305
185297280
83413382
112645427
208736543
208880263
56902355
205621050
144258786
203799345
116641005
201957431
57606983
205620202
60724745
132579304
202126371
199015310
198963198
198550500
198550495
118944396
67287863
188076224
204903815
69430707
197193445
197201559
197677738
142598814
202238791
201957899
196306362
198360951
196108718
195216962
200849614
203186788
195838602
175728948
194874130
201763806
193825827
168299905
194669730
197317651
204325859
109794215
196548421
198349206
122403627
194730260
194778528
190992839
190332766
190189997
195203557
189846203
185660912
189757798
185824781
185452050
195245148
195391217
127111891
184133567
185435256
142341019
184054009
194520385
190155683
184197346
189529590
191328647
151689062
181520019
182085065
181396123
185208636
180721774
199364409
172796148
183020159
182203709
182425577
65491322
202697429
177633650
177676515
168299977
178940311
179318943
179812560
72292404
195510807
188290145
92206439
192828155
190454167
173440928
172450501
180224406
177481708
170576267
172452201
170046321
184638088
170081220
169544872
167785869
167691888
196018756
164074807
182151702
162907656
160989542
166287024
166289877
160641864
162152797
157682008
183737911
158599164
60680564
155563628
154920375
155075911
153533379
209225704
195507986
153297647
156803163
152758892
153297587
152584254
158624202
152073237
153168166
152097178
160597489
160956307
174468551
178388115
148351281
150006469
147199437
146383390
148342981
157944538
146386590
181232809
198475093
145796679
193583843
145679158
192610940
143272760
147258845
142720242
142226108
142771111
140076060
139541694
147385964
149936233
150146838
162959263
139390187
153545437
139313428
137756863
143060227
152130013
139883404
153147359
180179685
135029632
133003295
136841779
136841542
131161795
120915976
143048079
130393894
101043345
144443221
131555451
195014803
129730048
127475397
127468945
120117661
126926051
126928137
125805866
130408677
152126395
124898052
124730490
124594687
124897359
132317683
128048630
118441262
120272420
124064177
203735072
125710563
117220756
187283619
194213326
131997131
117222197
111305782
120803246
191637784
109150805
117264068
108109745
138583099
109714318
106436868
180694952
199360487
105418488
108206309
103386568
199125519
102710154
106880718
100396690
102709544
117763859
100396588
107645910
99918039
102713546
136540089
155451804
96847806
91708959
131856267
168960781
99918046
110403142
88667952
89526395
88644533
107439711
149020813
137428591
94563912
86093743
87265923
125720573
86102921
85972684
85545225
86516634
85467211
91568748
85265488
85263920
84355493
179196761
84043316
83946795
81994662
81995980
78504863
77463512
76954442
77147677
200899304
76922070
94186851
78071068
76883219
76426237
85466381
76284467
76183410
98385709
70851380
75295824
71476785
139852041
76284747
116143334
105454016
75184924
69746685
126412777
64707834
181318198
75295557
66506717
76776852
68101833
93282072
109517482
63519288
69462915
60856219
62440116
137419051
66452113
54857317
54183592
53337025
53953262
65899293
56004295
150711954
53026696
53031646
64703077
67034051
53025472
98393315
52411981
62643412
87224928
52027972
51909401
51875817
76699210
51740525
52411980
51789980
51057557
51187998
210789049
50953080
210735022
210719801
49678494
210735308
210502431
50959443
152199243
209941417
210798194
84340356
209790851
168299879
53205151
95848821
210752849
209526339
209363116
60639548
70316906
86837259
51959685
209041457
70316762
210786020
209509827
208980330
49674912
209187326
209214484
209261945
210709779
209228360
208854965
209611931
209085167
208842267
208380424
73635406
92959440
208337468
133408345
208223599
187624990
208293454
208111224
208018594
208040239
208568127
208216042
207774036
207540728
207582217
209736977
206756644
208015974
206552932
207768204
49525448
206418816
208737773
206387724
206384679
208008163
206319529
143484021
67698928
206275702
206098116
207539295
205883894
205608493
206303445
205631850
208123448
203755684
205516655
205880260
206175960
205388217
184741255
205357827
50931349
205455154
65246558
68076729
205383546
206601323
204180036
208597064
204076739
142076989
204503880
203874362
208991535
203873279
204268666
204855706
203991380
203544735
205566533
203406276
204549186
205100729
202989605
203068807
202929103
203795521
62778489
95366238
202400854
202417359
207888291
203113026
105759246
202348944
202209064
201887383
201812088
201820840
201789428
201808285
201787314
204004649
201571133
206039645
201608456
127564798
202058821
204468875
205540270
209071794
201007521
205144416
200929842
201285261
200736191
200600268
202242959
201180186
200308549
201029414
200463590
200417972
203988108
200812712
200601965
200257151
200175871
200224572
200213592
200171007
200246892
200557507
200130633
200129884
200107035
200072103
200159551
200018057
200104893
199970217
199740787
203764897
200150628
199733825
199675986
198840823
199006345
198305693
206088994
198243789
198082989
206424853
107323650
210709785
197881931
198449469
203311990
197690787
197957789
197640617
197786041
197549397
172769247
124954563
202073634
197480500
199300450
197290000
197220206
197259712
197112752
197284631
197126177
206218021
197922532
88807552
197089797
197073375
198559234
197934636
196923359
196968523
196631831
196329384
196367396
197089006
196035101
142074351
196040058
207542397
197302780
195984226
49880213
195903729
203102669
197874557
200064842
197550996
195675742
195650066
195586320
195361781
195286690
195845810
195214230
195198965
195095293
194993313
195110970
195022522
199235165
194916119
194891637
195247240
196950066
195152416
177064464
194616145
194488717
194237567
194203994
194690385
131866679
194202807
197807283
194164260
194159451
195696097
194150726
208181397
193839206
194019072
203029226
193745618
193557231
197044602
193501861
194382846
194721295
193728059
209611960
193439723
193330483
193259208
192918829
193350481
193008878
192979356
192716399
193099107
197388958
192659343
193924561
192546461
192637388
192535639
194758724
192300133
193737390
191923971
191446579
196736533
191462148
191397181
191376049
192374533
191015292
190886359
190713353
194302453
191438513
190678683
190668482
193802981
190531656
197208290
170300220
190284464
190336137
204482354
193489981
191405582
189970958
190997598
189847683
193101198
189666207
189756451
190186160
192680858
189666245
189666126
201293650
189641557
195477434
199754245
189641407
189493118
188930971
189563449
189208437
188539470
188817761
194750256
188302517
188403928
188817780
190084979
189641463
188649552
187333047
193544090
188052205
205126225
186450651
187150009
188507089
186364789
186329564
186329552
200700103
188051086
186329480
186278368
186225813
186982497
186163603
187917757
186329506
186106645
200445831
186329519
197667396
106056422
190599675
185645444
104398186
184935543
190287039
186329537
184616749
183520751
183570949
183100716
183017207
183995143
209877257
183165212
185433539
182426354
182383531
182066300
182627307
182209521
194274497
205191647
181922499
181900883
181699845
189329933
181601975
186968103
182609095
195481827
185997972
181598379
181513169
181004217
210325088
175689919
180913967
194079250
180430233
191185750
189283795
202102717
180427680
180252156
180094188
180060640
180539751
185619785
184540296
179951967
179713334
181430210
185429514
141861458
180467608
179658617
179249804
181532559
179286146
181699822
182065328
178813654
178681325
177639217
177039220
177569906
177413772
177408456
177892387
179171894
177851713
176871291
176657225
179653482
178299709
177778389
176463869
176527541
176525522
176274247
180117144
176142528
176147734
176123686
176123071
175985892
176281144
176406611
175036582
175141134
174998772
174976574
177684383
174545234
174858376
173710067
173922885
173192610
174704779
178725653
173097015
173095685
176213254
173358917
173029614
174616876
173107823
204798913
174683183
172931826
172974134
172877222
172841687
172876215
173676507
172734709
172508581
172504475
172032562
172843359
171043703
170209805
172163935
170207541
170081824
185091924
171069282
172188113
174915916
169866442
186644833
169271505
169956890
169180009
169375203
170243136
169194250
169163101
185986253
169144776
170323798
169128399
169142449
168737376
169115382
169113711
168587100
186092844
170079900
168587125
169254694
169131534
168584857
168579406
168970878
186645755
168572362
168571143
168578631
191374398
169951541
169410576
167908613
178677632
172742384
167168396
167231874
166886868
166796914
167884301
166683353
185834955
168002246
167743382
166253575
165254051
188643235
164398553
165226653
175656187
165124730
183151312
186695716
164249122
164147026
163993254
164487963
167247778
163834301
163806567
164060213
179393257
168302809
168563708
164184703
163163387
167446922
163192583
164081654
162886962
163164342
162136374
163620324
161904196
163163293
161269100
161601340
166578218
167223591
160612214
159718258
159345887
190496904
160008985
159729404
159408403
190496021
159328187
158805848
157950935
157110546
156491454
159685899
158781933
160579073
157167648
156040006
157746308
159339430
155568292
156487206
155432543
156024559
154210148
153491630
153467513
179076586
153653441
160122637
156128222
153420034
153273317
153034187
152929064
164370741
152921152
166867308
154164899
152891825
153381258
153362560
151244138
153117723
151947314
182741375
151949287
151392472
151427537
151059561
190830170
154361319
181090844
150007909
150103498
149834955
149820095
151965714
149744356
179077430
149932902
149746488
148776374
148695225
148658258
148489430
147962211
150020980
147841182
147666976
148053364
147651934
155343538
150962781
150992980
147223469
146928342
147649472
146772169
146237713
146263629
146229677
150012932
164217698
147707805
146409984
148582137
146134156
154127507
152888921
147652475
153163109
151965819
145774846
145965356
145216352
145218825
145138255
145171806
145336265
145012479
145603120
144354565
144895558
160501567
144808754
144483431
144284962
142869780
145070634
142805218
140639426
140648512
140606076
142926736
140386038
175690438
149910455
140161984
202281961
152361917
140741273
150877084
143964999
144884003
161113630
145334832
139875678
125763597
139514161
167396626
197457680
148530719
138634984
145013037
142407150
196107411
138849950
138233062
135711759
135996065
136830007
135037162
140384924
135021178
135543936
205530297
135011096
134953715
133148744
135590013
135769254
133024152
138014563
136187635
131238932
132129587
131965189
142318021
201435598
131436824
130832723
136524148
131334648
129998270
137937609
137263484
130196162
129939710
168199617
129851925
133603663
185850813
128763554
128496688
128113788
131580436
129345994
128085127
129144253
133225548
149713804
147559235
188930712
126493540
128738593
126380057
205778506
126115842
125323054
125237398
124619875
140395726
124982070
124544107
125492011
124343138
125574723
125105816
137514416
123020909
122647203
122569801
124968808
125205343
185880527
139389897
122132718
120944583
122194232
120112361
122135487
151047484
120630464
119321717
119095241
125408498
122540057
119292031
119089661
119036049
119039881
210358510
118944731
118368109
132257089
117962854
121160527
118992672
150990641
123855180
117955905
124795574
130907040
140499160
117459787
116896455
123048979
116662204
130411828
117138564
116652982
116563346
123546125
116718410
117906479
117512584
116557256
116189506
116088606
116374356
117452199
119579503
115913949
132294270
124166470
115396451
114928306
115855785
114673255
195505246
116874554
116523195
114658506
199927454
141402602
114066378
114592050
121863882
114020692
113977491
113929946
121458882
116944103
114049023
113977422
114069336
113353422
113353404
113764533
117617931
112988349
112717270
115517078
112500259
116944127
126740154
112395084
113545386
132273359
112383965
112231539
112134967
141671036
114896751
113281684
112611777
112135307
116527796
137223609
110714391
110713373
112189669
112135298
110713365
117873689
116202385
111401484
112134085
174125140
112090331
111994762
147567939
110713361
110713363
118763348
130800717
110193926
110169590
110361810
110016833
118504342
111527246
112869490
109712156
117821289
109657426
109641763
109119300
110713369
109398101
112161886
106989999
108461746
109028726
107336232
107291065
108764171
108775118
99885986
106892694
107546458
106869806
106579177
106694712
108261824
110468156
105674203
105715507
106868959
105725336
105895675
105994647
105390428
170053080
104158601
104155299
104289258
107307684
105109608
103015439
107290586
102588463
105834840
102908984
102426057
102541483
105588576
103153378
101432314
101671293
101298265
101297643
106186102
110991295
101012969
107593012
101017834
101711682
119607286
114909708
114252590
133189519
99027135
99481901
111006817
103968105
98337732
98842725
103059918
109025707
108951697
101283211
98650142
98253377
200866963
97806043
97574696
97829208
96563339
96359699
96910407
112068560
146246393
101287149
96291946
109134253
107546481
96278701
106743823
96277165
100170457
96892033
98744535
105663627
100170451
95677124
95775190
95899469
98903516
95526263
94860503
98241219
109733498
94945183
98230835
94471905
95358067
94423427
94173297
94434015
94044134
93944440
93768058
93434106
93475064
93474531
95483371
94103636
93449299
92839763
105841284
105450874
91906267
91850911
92575572
91524634
114596094
90753209
94579665
94777677
90266046
184999755
93758411
90379023
90265933
91558125
90265943
91713036
90265998
90265885
90265859
90265841
107305974
90265807
89560647
88367336
90265905
87954885
89828574
88623578
88943708
88743751
88677603
89929922
91850880
101911745
98249633
87928786
91754748
87887571
87326835
100526932
87726079
87194301
94254601
87147601
197092459
110069602
86526630
83168543
84589327
85243323
84676791
82986550
82714382
82593214
86727787
82954417
82047865
85650905
81290352
82264965
152241009
82096186
81286181
82013868
91850859
82212972
81237600
81187507
81287598
82969270
84626649
80897134
84934209
85948723
80783339
80191304
92963299
85789366
96155852
79263802
79217989
80186488
80504451
100526881
78948118
80805110
78924445
86503873
78926799
78717727
78792987
79173528
78719602
78320491
78348502
120947262
79634655
86361485
77097485
77040845
77037767
77862464
78710017
76930905
77834789
75225267
75296135
77252212
95076307
189367746
74769031
74751468
74717474
74595626
74606776
73468762
74610525
117321536
75178943
74695532
74611222
74837834
95076321
129399458
72843438
72568822
73476891
72596917
72237193
72017304
70714378
72556000
72311214
96358386
72578992
76371312
70674146
70689243
69817261
87953715
69930685
70231583
70023973
65242227
67741623
64912445
84829346
171977155
64261187
64437870
64822648
64179757
64163647
64163756
73476621
61314435
62104355
62346174
68053542
70596986
60667356
60446282
99071739
61321426
62136079
60999378
61107479
60218136
63441084
58450349
64842473
63749147
58172975
58172971
57496435
58842940
57423807
56444660
57249714
53376403
55579917
56415993
65527432
55380022
53271339
55434021
75183033
56790632
62321323
53270778
53221057
53237268
55381032
56234870
53270460
52933740
52912743
54311227
52236348
59085232
58240392
58172973
52116246
52155021
51752048
51755824
60148817
52122233
52160021
51745048
50756342
51423667
50891224
52779592
52855944
51743402
57414537
56669113
56334291
198506537
101155545
53038007
52115534
129938698
198674268
52856034
52856121
70339137
50283906
210673406
65022580
210550009
210501775
210436934
210490174
210227796
210527583
101646350
109572539
210224206
137226633
210180138
210227123
209956254
86516541
209920842
82486703
209900816
76379538
194253463
144112676
209954909
209902839
209902838
209900815
98229926
50753525
115514548
209824722
209716670
144017341
209525738
209565129
96184027
209490543
209491473
101136611
209842526
209716160
85572446
209435642
209508624
209365702
209430594
66361633
141807060
79207097
209303680
209722062
130956823
209256495
209186538
209452951
126308716
209128869
209117098
209128071
209246770
209112028
209088699
209231745
147464222
208996216
208935999
209766414
209287903
209737670
69266110
198183369
208522859
208764368
208646009
208506729
208608312
187997407
208457351
208443871
208523341
208403236
208247282
209414241
208243871
208149694
208130875
208094093
208675362
208089128
207994153
208660473
98229953
208026039
207935194
207954365
207933160
66360710
208476566
207933614
207810595
196138890
207909452
209338783
207806633
207825877
208248439
207924788
207851403
207575603
208411333
207640417
114886841
199808144
207450438
209570046
207112280
207196002
206994104
207048479
207404256
206825660
206806134
206727847
93654579
207404179
92706942
206330588
207309928
206322715
206301689
177405871
206510630
125954544
206061534
207425406
206027592
208397068
205639801
205539832
149627159
206331612
206270959
205463441
206066943
76896776
205430836
205475127
205307674
67351430
205296562
206108087
206739715
205401289
210167784
209257986
209935356
206410716
205181630
205458122
208337289
205077561
121139475
121460849
205037329
209908970
143601640
205105896
209630236
207338871
94249007
204849782
207499438
204822996
139446149
204959052
204427533
205273866
209763460
205188873
204663968
204778279
207252009
207490515
206322431
205231977
67741223
206444704
118489374
204122071
97175575
68675579
203913720
203890796
208209951
145114212
203821641
204101965
203781826
106260837
205109561
205376927
204422414
203855201
205675019
204374753
102908506
203802666
201640521
203523952
204886620
203489780
203429993
203429995
108829339
203429984
203429986
204407167
203652176
203344148
203330495
207223486
203267749
203249273
203263879
203143120
203122702
203434010
203247299
204998693
203263079
203967417
203894340
203529308
203030818
204378305
203030825
203030830
203030817
203030816
202972894
203030833
203646540
202876424
202860903
203523696
203116403
91173477
203030831
203030814
209425276
202868752
202558523
202872276
202432234
202770496
202804445
202683046
202818880
202385952
202316202
203871564
204957773
202837522
202171548
202120530
204388368
203538659
202479751
202007973
204959096
202006339
203702629
202078588
202390084
201926603
202052602
201887389
203509736
203115921
161283672
201694027
202830520
201428557
206928421
201400539
94760554
201398303
201981129
201134476
205198928
201133410
202237264
204224207
201097423
201410908
203553978
201961942
202458311
204282565
201395615
201097411
202312842
202265140
202132631
201341006
201018363
201416812
175985580
200659473
202265366
204593457
200391737
200440265
201097400
201899844
203351122
205011104
200289576
201087074
202919213
201097102
200283802
200235546
201097399
204668990
200227591
201097409
199963276
199956760
199933841
200052460
199932699
206358604
205354401
202354503
200024910
200466316
199890618
199830954
199657581
199570229
199838030
200483922
199857094
199751890
199752897
199309180
199383545
204927902
201917554
199208215
199186201
200158034
201097412
202335153
199157713
199140476
201097404
199130735
198994533
199520400
203516940
198952632
204510411
199738926
199027732
200232827
198870235
200110828
198862672
201074159
198884263
198853296
198818764
198809332
198909927
198974997
199958434
206720966
198878847
114995389
198574369
198812851
198788305
198502987
198647870
198629906
198384030
198326726
198867162
201900930
200567831
198558266
201051885
198262367
199881156
198727311
198124733
200817283
202274027
199020468
198019731
201839064
197999426
202420106
208896545
197945646
198140027
199450236
198764128
206299658
198810117
198335822
197857619
197702945
200136326
182186632
197702930
198101646
197659291
197613749
197600678
197560310
201861949
197403394
199172010
197373476
197967392
198759500
207238390
197287935
197288392
197349423
202925301
197517416
197222896
196641041
196679519
196500649
196700874
200654806
197960803
197968850
113423057
196500092
196425763
180807152
196373369
202076153
196307590
197665537
196255590
196090493
195971116
196040455
196306528
197896379
199438406
196204873
197709663
199537535
198316955
195863428
205366938
195661015
197725107
195684542
195684532
195794265
195779221
196043817
195641996
195609998
195688556
195494441
195500113
195996515
195464665
195490742
195354285
199275780
195267564
201626389
205206401
199017516
200769532
199367547
195349739
195675069
195205424
195249595
200478129
195111195
194822900
197823436
195028921
195150877
194611894
195205418
194598286
199165348
194553261
194672256
198231697
194476724
197697542
199242875
194420031
194441846
200693065
194310863
198283040
198148499
194278691
194356779
198027944
194092147
198164598
194439352
194117919
198551851
194962486
194372835
193769258
194141168
196635604
193676696
193728907
194248189
193807188
193579877
203292024
194148769
195250549
193681422
195472871
193395430
197373456
193709528
193254462
193204932
193449444
197910828
193454710
195227666
192967397
193950107
193906382
192761757
196657546
201319157
192709890
193494404
192612469
193497844
195874268
197349901
193170168
193841979
192466078
192609887
192374483
192365662
192799659
192254803
195525170
194694147
192769876
192606913
192274808
202679101
192164595
192564424
192622788
192115888
192064907
192101892
199209990
192089388
192409121
195821880
200888808
192227922
191984299
197934849
192565620
191865632
192262586
202966662
192237307
191527789
192706123
191398506
191287354
204366165
203812551
191639717
191058895
194403360
190901046
193931000
191336011
191655124
190849321
190474657
193625717
190361343
190834748
191409429
190335124
190469343
190266188
190987645
190248221
189943339
189851417
191635921
191796867
191433908
190546175
193335937
190192025
189519668
189750027
189395573
189394418
189392024
189283397
189272151
189241598
189226098
189797075
192087687
189131220
189136282
189069386
189068634
197534683
189016929
194774180
189784075
189016498
191317548
189001167
188950376
188663755
189006583
190297458
194356464
207227273
189490247
188272293
188013349
188776730
188220096
194642259
187911175
187930648
187892534
189455628
187747138
187903388
187702688
187395931
187395661
187090353
186541432
186536417
186779290
186473059
186481792
187962467
186463125
186431271
186380804
187058321
186429562
187685756
186361010
192057679
186174740
186226176
186171239
186355321
191558479
185818492
193093569
209272023
185778675
185787939
198802271
185756699
185765243
185528419
185525616
198284834
189842551
185390327
195186140
195809546
186038031
185319414
185363308
184650223
186304699
184751018
189285474
185409284
185473345
185854805
184863062
184614029
184625600
191622587
185673725
192899549
184788813
184196117
184504783
183804905
189796875
185792039
192089745
183822560
183396925
208563868
190832952
192035779
183396897
183162723
184367305
193607847
183013675
192885210
182891044
182885303
187673641
182884864
183391565
182875754
184266103
191650085
183013747
184650807
182882135
184786370
183880904
182718978
183815776
188642040
192372179
182525847
182836644
182542761
182856824
182431695
184936365
186348636
182323721
182300803
189994721
182300169
182418732
182945616
182296083
182237831
182187388
182348677
182270559
195442528
182875120
182135330
182164930
182193339
182113206
182124136
205111425
182848543
181914490
181614207
195340414
181444879
192623102
182504362
183370705
181232808
199055314
185428983
181191789
182702605
181485140
180621007
180665570
185417232
180520751
182062819
191443507
181480473
180433893
180433487
182237892
184889307
182455118
180170479
180259917
182426491
182570815
179818326
180916156
180288663
188986208
180837817
184473346
179835023
180912751
184642105
180083148
180139375
179713739
193488155
179698993
180048023
181562217
179208267
181043927
179098477
179782435
179323620
184436967
179599851
184607288
179490974
179491006
196203952
178892407
178894453
193542498
178896699
193959905
178858581
178748113
178737697
179553074
180483609
187562284
178794931
178509076
178044377
181355056
178878158
183445904
178390012
177496337
180726090
177459012
178222789
177374835
181927143
178884359
177176654
207627490
177252517
178208470
177173924
177170910
177311332
177729378
179451074
176865871
179767097
176768093
180274476
177152887
177148918
179674773
176726576
182719441
176457554
176729771
181369791
199306193
176448400
178881779
176131369
176222993
175941459
176689510
177145525
183588360
180914362
175536979
175530980
180973840
181664744
176789476
175290363
175984452
182009372
176151258
179528118
175523844
175290304
183590832
175092816
175007650
174974945
175231672
175189928
180103916
174640937
174595694
174940735
183696624
174419761
174465172
195311160
176753959
174669002
173687826
186001796
173668084
174245696
173651630
173578750
173528237
176732543
173656495
173349961
176727553
174040463
173986656
173302645
173333010
173336883
173013750
172916790
174042752
192719719
175890784
172878828
173603248
174582115
172830964
173901954
172876714
173215192
172641816
173016546
172794091
172586424
172861279
172670572
172566331
172566346
179040281
194506186
176696383
172561539
172349411
172341818
172818221
172012209
171916112
171533877
171910019
172915982
171432314
170867732
170857118
174697182
178005974
175301259
170713326
172099591
172456309
170390487
170207587
172586416
170412697
169925839
169757035
183708012
169663399
169543724
169519628
171865792
170332337
169488746
169488398
172351871
170120138
169964453
169240630
169325617
168932216
168738786
169731534
171093653
168415592
175306803
169077780
168557127
171053456
170157023
177783214
168494374
175845213
167890448
167350552
179141889
167337179
169813868
166666867
166471943
166356713
166074117
166236759
165620744
167968173
166669479
168440586
165612823
174799213
166327391
181420185
165529453
168133709
165503282
169838710
164875366
164830904
166252725
164716712
163998981
165534121
164190172
163973756
163417572
163523168
162667161
162987646
162512482
165564648
162332099
162135449
162698073
162772905
162092056
179735913
172383789
166531130
161868380
167333063
169224094
161846335
162044233
161544932
161534651
161564225
165967910
161511086
161380285
161465156
161314158
161608934
165568948
161134914
161148544
170047841
161156013
161092896
161120839
162902034
163563999
160935638
160761668
160892052
159724763
159351775
160377480
161117314
158825143
158846888
158822443
158816119
159431869
168634166
159716940
158807434
158807362
159114617
158592624
158595117
159843615
158707666
165871951
158036543
157518398
157356375
157921429
157006228
157602694
156567824
156736899
156414893
156431141
156197892
159396962
155969101
156532281
155959500
156593474
155848552
155447181
177850532
158726782
161170109
159214450
155296736
155213312
156189901
155148460
155145475
158215929
191229121
155297728
155145086
157256738
154954997
154752808
154950549
167933468
154407279
176579538
156564009
160970581
153915542
161306878
154403954
155153881
156649824
166104879
153356776
153215233
153498568
152850586
154967153
152814292
177659675
155938976
153762279
153350850
177336300
152597247
168734130
196211434
152466552
152380143
179410931
152640140
157305154
153096910
152087580
152473553
154921583
151427668
152937125
167960864
152219423
151816113
176870518
156944349
151338328
154985273
151229643
151090832
178621589
154151333
151085479
153839834
150701935
150618744
150609132
182576934
150607058
150608162
150601523
155240576
151431332
150452014
150419241
160630359
184638613
152972226
152655495
150384206
149748382
149423142
150876519
196008401
149336834
149331134
163719987
149315203
151075724
149305627
174796867
153827918
148919295
148924990
151106182
175132396
148334827
152080663
150492921
150255466
148240515
148386749
170536998
148050341
148049853
151752949
151415928
152204979
148003422
147783228
148229759
147654508
147640289
147773170
148301731
147645645
187132814
147248421
147972180
174700987
147579728
147179562
147186597
146912507
150625972
148357230
148441995
146017258
149019064
147450308
147882436
145438849
146932196
149573582
147634555
145390047
145389634
177651502
146469806
170036636
146875653
145673599
146426714
149685767
144812633
145198432
148813535
145256625
144759621
144107154
145229452
143963973
150532449
143609592
145997451
143580972
144762642
193919719
152244472
149335748
146656840
143524814
191580252
143565432
148526254
145958199
144800364
153367775
143418732
143243876
182871158
143161903
143131797
143836053
143965880
142990597
142552457
143271717
142137446
141758760
141583917
141529239
148741010
150029320
146007302
141323527
141324976
141133727
141254047
143048621
142797634
141450894
141071987
141071694
142066752
143721315
142407131
140896456
140551550
140899787
140091767
141527774
140717641
140623936
142378293
148348808
139668602
139150685
139087085
139285093
139164495
138887091
138890211
140010289
148088946
143228956
138425272
138375634
139567105
138412483
138335383
151238440
137989097
141397736
148946342
139046337
137988169
137883125
137780327
138047650
137769178
137569971
136902526
137000139
136982600
138009031
136803485
136793288
137776509
143601468
139132908
151230868
142391276
145390495
136703122
136703004
136762961
136702979
156528828
136640124
136617467
136703053
136556650
136154016
136159867
136755516
135899063
135975406
135794395
135791512
137665893
136922478
145671658
143573383
139086378
136296140
176394354
136315419
140747801
135682741
134843973
134809054
135389318
156915669
134859704
151479029
133926620
139828721
137251414
134087495
133964089
133628425
133875657
133437248
198089156
135409645
146809662
133332533
133406465
133289238
140435835
140720690
134158869
133285752
133285073
133025288
131885375
132485065
131853411
135646616
133850912
132280352
150491219
151395737
131225718
142349246
133554712
178959671
131605292
131190171
130309608
134507491
129972450
130090541
130289204
135923588
130156280
180544811
129957357
129375038
129919594
129148057
129555902
128790216
135865613
129280267
128703251
128831095
132249162
128695902
133606076
128583885
128335136
128321507
128521418
136315096
147630834
135343164
138656806
127937567
127894298
131072046
128320469
127361800
131595996
127082759
127614844
129184720
126776142
127570134
143931260
127634995
147377075
127821888
125758449
148387184
127559196
125652497
135614126
135401551
124971875
124913892
124922352
131468551
125187287
125427356
124802290
124736981
124734644
124711366
163968678
142343742
124687635
132813998
148594902
128798025
124561097
124432538
125657399
124569339
124428853
126217817
124418652
141626555
124606987
124655477
123949920
123903239
124389700
124163246
123579609
135864192
155551085
123303405
122811125
127618499
124106518
122681783
124714756
136029041
132566804
123516000
124344351
124482906
126652081
122570492
124882257
122637264
122415635
122671317
122408215
121813692
122756789
124449703
125456389
121768875
122001116
121814387
121829802
122307475
121577278
121364101
130413275
122463472
121328475
120977662
120856156
121834561
141569674
120672844
121806371
121236628
123583470
126212210
121181071
121649147
122053460
121464595
120856029
122266046
119340004
123144306
127173610
119373898
119301598
119534314
119088493
119088472
119564223
124192586
118780125
118935755
118897161
176422302
122809939
125303443
118077447
128708888
119336500
118384628
121511501
118094716
117574490
117258415
117342659
121807316
117124078
174034829
117000614
116997921
117066010
117846095
117872915
117123852
116932157
116563629
116220132
149347258
116195032
116063757
115721412
116060208
120758663
115355304
115916559
119113773
131672908
115169643
123017144
114492044
115184661
117519321
117634215
115524759
120285366
114448345
119074852
117642487
137950119
134166453
114084077
114083951
114083928
116143729
114083900
151581541
114026646
114488637
116390019
113906008
114022665
114020064
113780272
141390929
113775463
115288915
113766915
113756794
113615080
132398517
113446039
125636996
113482357
113300889
121182329
113447370
114070967
115202742
112880487
113680550
120572011
113301059
114065072
112897392
112614622
112370067
112839401
113252690
112298157
112566385
124325045
118331664
112297779
112460930
112407807
116652750
112188319
112010771
112069537
113561869
113735205
112917873
111495567
111911234
111488489
112407801
112233417
111167766
111364155
111401932
112676812
111002522
110990589
110534486
119327657
112202502
110703752
110428272
110033378
110264014
109917271
114737831
110972092
112886568
110425247
139174636
109722586
114101964
109587960
117123670
110492818
115200345
131455706
113422033
109265400
109130179
155148547
110570701
109043385
109209427
109519770
108588487
110493604
110297048
131213345
108546741
108267794
133369911
107788576
114329398
108196329
107524296
107753953
121461691
153091876
109322717
107631923
107618278
107165572
123991829
107062246
114733383
107059527
119699291
107377088
114041795
111304396
108127836
121545951
106612861
106636755
109730824
109391662
106186271
201736951
106109747
106215218
115158690
106035694
105866153
106061156
106038811
107867941
107068084
105724301
105950928
105898301
105851266
105656519
105559674
105461231
114374359
105262655
126844460
105100410
109263913
104822389
117067748
143678063
105395494
104363727
105388992
109193700
104354562
104353926
106455696
104320253
107341309
107513918
104240088
103976098
103971784
135856612
116383055
103447490
103502206
110447380
103848661
103420076
103663142
104470558
102941137
103001689
103296122
103812181
107057147
102299913
106671504
102793121
106455074
102259195
102821662
109671146
103155895
102335849
102010643
101936241
110015417
101868198
131630099
101634499
101351620
101855688
105816555
105921010
109926779
103315288
120286899
175761715
104301842
101082300
105402974
103425573
104215863
112359558
113772250
100721697
100848474
101818604
100335770
101184768
100331090
100408742
100244302
100721103
100314595
100104735
100087647
99895698
111086513
100721914
99819588
99781645
110665710
99650957
99630878
100334546
99536184
99850391
99482218
100623909
99058689
99145475
114349069
98893625
99037191
99642394
106543641
98372594
107131790
108713279
100091940
97956563
97940591
109606996
97960740
104451285
102223928
97135055
97105213
100103279
107073053
97523276
97509891
96606674
96470756
98021823
104161191
96016819
97068162
97425290
95899514
95969353
96050792
95546605
95810185
95177591
95015210
96650992
95197040
94960874
94860540
94740616
124062817
94710010
105564000
94543176
94550688
94540929
94453700
95178482
96492897
95008439
101260912
107096110
99050949
94795120
95351364
97446822
102258448
93804093
99202021
109604480
94028284
97856862
93351231
101789580
93251364
93335586
94850168
94854156
96874480
92964957
93301627
92955514
92871425
93905337
92858032
97966934
92451422
92926732
92874224
92441879
92435460
92450395
92067757
96395486
93462684
91377012
91348504
90655700
90167218
95794067
94421816
90743730
89275421
92828114
89100613
90107614
91352819
93293496
87717486
100137136
87580649
87579934
87833514
87369785
87159183
86678289
91546126
86357429
86125138
86229790
92372828
86081978
86835969
106630653
86336048
85941958
85937941
93120139
85848437
85772990
85635226
87774533
85839043
85722851
85800135
85268563
85028273
84875786
84875841
84875830
89807246
84851081
84484447
86497161
84417075
84416553
83949213
84199859
83562181
83653991
83498973
83509713
104351893
88542808
83441840
83579776
83111373
83101416
82391799
102263305
82651003
83057382
82444231
82419380
100588190
82143462
81584723
82030181
81319790
81232956
82427641
81217979
81224851
90488929
80450754
79914759
93319406
79071043
79071040
98407869
80622898
79323709
79845262
78859486
78789571
78789551
78808210
78685609
82086270
178388070
127354156
78721098
95344898
82610722
78423240
78227316
77941296
78190545
76616926
76121800
76067954
76864244
76914320
74968836
77164272
75440814
77219014
74878426
75724846
74710489
74126765
73571614
78721617
77026836
73174938
77108649
74715174
93653759
105763607
78795634
73511224
73539965
73050955
73134336
74703381
72525811
70901636
72750178
72525801
70584421
71234141
71276482
70481413
73146549
126236918
76553229
70401232
72744245
69827109
69787995
69749687
70867999
94070083
69729501
69855278
69446996
70450761
68911630
94006802
70660370
68741136
99684301
71230781
68681494
78571127
68246929
67960998
69264872
67855183
67813588
94116461
67813584
67813591
82907920
67264854
67196339
67812493
70429447
75648266
70312113
99529506
98797489
66979082
66733136
83420980
66514207
66824771
66398487
68605645
65949236
66155206
66267537
70804431
70324996
65751843
67813578
67730938
67041251
65138102
64600871
64343492
68892180
65398523
83451755
64018239
94183591
64027514
64902802
105772376
63442730
63811438
65548854
63350113
100097616
63350758
63822901
64106934
63063150
94241593
63073221
65453876
63042841
63016618
62667259
62296457
62151085
62935190
61521465
62021966
66054583
60943798
61091226
66206460
60823002
60426063
60642870
64216268
62337959
60167786
70813819
60154793
62795004
59959864
59983929
62602929
60005480
60000890
69589962
59934154
59883229
59880046
61272193
59862896
59867661
59402354
60834231
103718603
67403098
103740852
59028034
59013163
59348055
58912606
59323443
59333505
58912575
58912563
58597992
59462760
58912639
58766698
58912625
58996658
58555321
58151044
93779614
58079563
58079575
57894499
57996247
93398522
58079547
57088359
58119294
57436612
58079562
57088353
59342804
57340949
58079549
60191849
57087239
71027928
57087324
57088333
57169870
57088330
56933755
56217773
55272370
55193798
55193799
100158858
55193793
56296502
66500031
55193410
62020750
57003571
55192918
54751198
55353475
56795100
53654398
54307949
53044713
54311906
54233006
53653945
52167308
100920320
54314997
52347611
52490287
52160152
53000439
52973699
52158104
51816334
52855018
52918505
50797642
50658205
53063520
58912588
50962641
50629832
50631256
60191757
50465795
50659353
69315521
50222657
52855015
50202216
49818499
53005228
49531312
210464566
210794293
209961012
49503301
210289880
209918353
209665309
51736465
51733805
50660967
209332173
209217341
208951135
210440516
209512152
209486937
206572389
50510383
206506930
207801005
206083877
209479834
204371275
206029732
204204645
204137858
203459483
51814367
203153415
210753107
201423601
208393891
202018167
58528938
205650125
201221008
204246456
203477793
201220594
201154062
200387690
200387689
207111457
200373475
199119337
207093185
199263161
133188953
197694129
50971483
199272014
197557112
197320691
197395105
197070783
198954198
196135220
195251110
196452211
51156579
195175577
195252089
194239967
194406710
193780286
197556560
193643138
193643144
193643106
193643133
68308747
209285216
200373679
105616382
192525624
195187134
198572889
191601833
192130000
189693242
191117779
191599370
55193796
189733465
189549803
188560695
197287406
191614432
188958396
189674519
188529572
191856660
188445514
187894358
187894343
194968300
70555048
188467355
187132805
187666818
192331280
187249054
187239906
186137844
188529638
185789674
185789702
185254513
187117233
88569275
51814231
184978991
183573406
184394232
191649870
183423397
54948128
191047674
185748048
49956908
182760663
182758250
181887577
185609181
180434908
180180455
182760737
209496779
183155473
71046470
178211656
179837517
183573464
177369042
177075051
120317953
176740593
176659226
191364663
173577523
176223867
185711076
178363519
176882109
170198347
173234841
171119578
170162360
169491807
177640012
185244889
78593121
169055076
168282955
172873628
168264070
168254533
169951265
167900046
172523459
180655229
164662330
181720129
164456214
164072905
173094080
163929302
178454820
155198293
69283518
166358992
164709262
162032075
164996443
161328112
161096345
167012703
160413402
160807439
162342075
160415807
161793619
166376414
159873618
160424438
159686161
159708936
160345957
159201358
159520937
159190810
159594220
158661114
78687859
161462795
65357854
197405025
157738105
155957172
155689846
155548977
200224916
155342077
154001634
160234934
153150519
153126471
157761010
54416061
156945230
150588630
152222960
156794878
157775194
151715372
152196483
150556180
63158529
160456989
54968738
149594841
149586273
149952607
149648362
156881479
148483799
149711676
148445467
148374273
148980397
147847279
101486611
146932551
184284333
145835020
144382934
143872496
142389167
164452240
142175913
142026376
69280266
151720185
143008563
141813930
139776710
160350368
64888479
178339580
139613472
139671123
138730244
138206958
139603927
137712178
137090091
150556114
136777761
136612870
136838046
136605458
135500806
144288829
134864985
142564392
136839028
66683815
134779757
134779696
133374063
133279775
148975649
132987254
130435539
174023496
126790382
133103753
138187240
127985342
133271918
126272586
123872346
131536476
142117905
145867768
150975528
122566695
122694248
121727675
121999543
121950012
164483053
121434452
147983687
156918518
120199944
121619423
119698040
125229605
119227430
119343599
118571026
117573950
124531645
118565629
119203460
137442579
117384656
117436171
121668461
121430258
117120819
115099500
141863570
119709701
154829658
114531126
115069457
114315930
115467404
116752957
115319203
128126459
94577139
112985707
111985425
75685251
110896405
128190041
110076663
110067110
151851809
108781171
107888248
96299365
107927512
106750366
105866277
105984021
123776217
121619396
105230932
105866270
103653290
103095913
111518703
106119333
101909032
129000236
106226922
100910080
116342167
102632955
98731666
97327776
99713493
99912564
115158570
100451337
97088023
96783599
156920559
96400140
96158176
96253218
104220983
78683995
93884777
93825133
93825129
94653296
93699326
104284590
93699298
94793453
112882726
95757427
93457496
93367995
93469725
92811619
101738379
92800154
155150165
91895409
195180482
103629650
89666539
91914124
90890738
91232316
89966462
180681854
103781845
66943308
86679599
107777457
86811047
83562260
82589252
82407976
82399998
82385321
119539955
81665664
82378928
86843292
156918655
82931914
100704260
83917794
81079125
125772151
81095240
81534281
80957723
81056757
81042285
80904303
80671730
79959997
80722072
79959314
80576434
80362807
92804712
79939621
108941616
98013644
79652063
79946420
79612545
79366455
78891793
78891961
78931886
78333098
78756578
78666777
79975679
78755110
78108794
184983076
78321808
77665763
78882714
77501694
77641895
76259857
75796130
77629187
75801204
75140915
74873221
72798507
74871763
76431893
75149213
79816049
72264256
100250193
72016905
70723363
70180353
70276895
70091291
69878569
69154307
80091196
77432656
77373652
75686206
69976351
68311936
67803248
67152559
66893029
73295872
80602570
65323483
66887373
65314893
63215470
65283711
64775529
68481682
67040028
63124943
86305123
62690217
64341595
68450565
62690195
61635362
62188035
62409935
60091899
59619138
61157352
58873760
59247204
56001154
57433711
57970403
57536027
57068961
55905899
65224072
53556656
54388025
53796501
66879176
53472485
53509105
59282512
52981812
52644965
52993698
52640684
52112516
52436929
53101631
51214625
51140025
65132005
182718622
53325721
50520692
50668912
106198921
50503634
50878209
50509218
50519132
49850928
49645700
50510174
68508901
49716566
49486274
49418965
49418959
50519588
49418954
49418940
49418957
50501216
49849562
49418925
49418936
49418923
49418893
49418895
49418882
52379330
49418881
52610231
210428248
52021004
49418877
179275967
49418915
207233868
207690419
206813236
209236849
204671615
49418937
160593530
200891094
200583965
52523822
50501453
200023415
200024067
79604145
201966656
203577983
208516982
199536228
199885074
200237662
199709363
199290955
199038167
198481300
202114884
197469477
203506397
200926354
196276310
197231115
203885146
199307372
205293729
208459732
198506590
201046726
195197609
50520134
193597138
210068732
197957714
83562693
193113948
195165409
182661075
197941982
193556649
199400418
197390101
104122988
191317042
192133501
191303896
194093531
194100401
194091167
114413338
189620758
189233118
192634336
190453933
191468018
186252310
131205375
191258586
186165505
191202956
89410360
193477005
188306570
169489220
185002129
185013644
188464537
184171394
197843932
188371676
144574341
185062853
182905091
202109358
210223002
183618658
182881061
110464642
92025104
182896469
201716489
69061775
180634280
191638166
181789686
181072923
195299858
180816624
180365459
191942647
178475872
177895921
177997311
177556854
54119235
66483998
176139592
174876988
194628318
174824830
76215071
177368454
173957777
177378773
173959331
174474209
173255298
171729637
180980905
170762597
169464016
183420184
51132445
179252096
167370412
166672001
178233987
121005447
164002292
170757025
189209343
169264597
170822157
163630905
161849870
191632702
185004987
161423494
197807286
160716417
159887914
177824412
158057973
166633984
158479225
155498521
174040984
154668205
161137805
153457306
180255869
158337141
153680510
193521558
192079643
155600493
151317990
151245407
200569588
178104652
174883036
153131997
181935124
157182431
149025898
155550550
149271013
148364092
197382027
180082375
148006145
147744489
151066364
149280395
153725101
147627080
146807452
155476174
195034024
202565120
163715101
144426054
148015517
144435497
146215985
151112259
143040126
168253204
143012789
197380237
139600504
141616598
139446887
133241974
141155762
139404893
77373904
133062935
148248012
132091889
158234117
132568491
105613994
130024092
130692438
132295122
128606636
128988289
151655310
146459263
130691729
129181001
150759454
135545333
128242366
147095774
130033009
129430887
194313349
127515446
126735704
126140996
125945345
124472479
126761638
146690873
163650930
128512327
124500864
122620108
122620990
120522683
120490567
121353703
176834439
118140262
148988086
51341888
116903480
116703419
120479687
116900875
114822823
115421011
114562804
183437766
127269427
181008350
151045792
181011385
153111714
112087123
110674577
112903344
116542410
128280741
113887554
108967549
108964817
107773072
124918149
107057326
106875061
105743043
113548511
185980611
126244983
107136844
157180210
115262221
102072887
103338745
136532067
121425618
100667698
110675857
103086049
101292314
100419499
101157506
99841399
99918957
99078820
111043308
113113411
99902368
184420014
99921050
103361375
147761986
98836073
97754200
100420346
114577380
93716955
96128051
184825039
95211611
98001407
115369387
103358995
103836400
95374086
105055552
125330763
116694520
87701183
89537813
89348335
86547623
95666494
125496152
185020919
86546445
94206330
86269889
87603123
85279824
80300990
82184842
83566891
80210643
78278179
76707616
86006472
80225014
75705958
97419768
82469689
75655075
179124824
71530169
74353684
100400735
68679053
91645379
73690086
68827806
68268171
68371099
67905039
93530000
71071376
94757720
73194798
98261843
67843927
67174735
67232007
126292252
67447983
147237495
65192982
65667570
63859547
62741072
61163715
74901559
151859393
59144456
67588963
92937827
75456708
63697934
56413720
93635227
201852878
54637053
56894655
122176210
51055395
55074256
59082929
51193221
57656863
70287812
58052366
109459365
51981170
185581027
59092755
151070474
209798135
209217534
209225617
66784522
209470463
93024036
114638783
115863322
208127417
131648102
50928379
69906718
104332821
105870115
66189094
206303034
56193724
206242287
49695226
102105752
100261565
194192576
202590363
203272805
49627728
93630534
201524463
93530016
194244849
200829928
99559158
200250151
115744438
55774076
200333967
64245074
204924942
209111880
205357492
199284877
64750271
200702617
68464989
199419250
198609208
198574084
198487626
199487249
131657821
198397407
207401524
66900650
204470204
206273212
197601257
209696979
200826237
207038809
196936533
200487479
65270443
203517556
104858928
195479949
194731334
180366156
198041333
201892965
199590387
193182163
196859899
195699637
193128407
198309294
121667347
196739496
207406765
193629734
190084659
202096476
194881366
196628229
104984168
200878846
49627752
202860572
196808799
186102474
195526232
188033148
185593020
67435515
184649474
197392985
109961351
195646149
191213724
185659750
191648883
184976219
184338855
183865956
193564882
105003946
204380227
186127285
183681470
182708057
115182098
192623238
183164466
195458119
192066390
185429907
207429375
181311147
185484938
182639827
184431583
181171017
209178652
183815228
181539748
180988343
200133935
182370356
178549000
200940309
197671612
183121114
180849110
181529000
200060405
176382924
164463605
180847916
164121865
159940678
168404467
181838922
187827863
176220658
209892978
158737253
188830045
198819629
50918746
179393587
185342674
173606193
157470218
156790479
209382265
158790712
176370039
94842709
180129848
177907198
178831554
155111899
195255094
156115007
158790527
156974622
157989273
158489897
162032540
154746563
203280642
154848581
151612005
192453819
155429611
181508232
209333851
182726191
155715418
184294689
151615500
147090645
195258921
152645842
161853748
164022279
149258261
151930447
72208887
153170051
152578898
156260958
176214287
156149326
195473474
148094670
146552018
143688037
153828131
143168808
150863488
151241418
203759395
142313524
140399573
146934789
153264561
142314740
138200954
151557827
140839861
152696930
138693501
157949838
138076376
138982202
155949441
149761284
137479920
148077128
199762961
202173358
136195776
141622720
141376204
182881753
137948363
158813162
146465927
196683781
149968942
136353081
146164085
146436558
131680072
140423823
130040321
132529384
192929886
132358036
136671793
136623358
180904309
127268087
130209881
192745275
144007877
132228391
128464456
134118630
145598977
129192057
125544185
127764837
125528050
125756626
131364478
127766834
128382762
126862823
126115991
131104284
141124999
132805833
119960773
68308760
119927199
180021774
138851418
119634157
127577525
122308889
123364299
124295875
117904514
130859545
117139490
118496522
131342260
121883239
138897637
125054653
131649882
116805423
116165702
141306841
128333130
127136721
116274132
144791089
115585763
116374941
192963278
158856015
116749883
117920912
123732479
118577605
123738541
118840501
148129672
115218516
114116716
114900047
118124780
155578060
114635300
118974505
115567772
113327191
140675798
109423262
123226227
125833999
170406840
157715633
126607103
183326328
128362508
145237221
115104600
112703007
109080286
117009492
113643670
109482078
108328166
105896611
109831336
132057229
109138016
110864605
107614948
103398770
104019562
106398914
103900852
107337399
102538981
104919590
141343657
132013042
138454659
108674633
102353002
207511636
102375250
109868719
158714701
184826000
100897194
103052401
100531318
100495801
100563852
100289512
100315367
177888680
184180576
106242733
107431409
101318349
105138498
128741963
101036787
98860779
98550315
101219745
115432919
114604466
109608440
100199165
115354133
141227123
110608799
115283314
98118977
98552095
96878758
95117778
95791929
105321429
115171980
125587171
95573452
94321583
100912054
117388348
94683876
111851845
98487270
94398099
89681569
87424963
107841803
85827473
92746107
102247779
85743642
93796221
105076325
82308947
85806221
119706300
76490165
134853025
80388962
104217540
102246757
76050492
100241050
193497735
79447631
114062715
78862286
73518775
92395974
72667790
73437742
72224919
72668836
65965646
65659770
98262718
78509133
67804564
64964784
64209091
64208758
66343421
64207642
94639332
70582736
92504309
63487907
63279388
63750476
122833651
62991272
62881513
110591361
64208560
62511524
62189190
61557841
61504361
63694327
111267364
61445780
95810762
61415685
70341109
61390288
64648803
61321580
61463676
61321578
60757540
60745183
56938770
63528773
96619376
57568579
56339958
55467710
56220577
60955060
53980155
54460356
53404487
96864533
53521507
204516186
53411989
65549372
70328487
206500191
103137580
198185426
56306291
63694340
58768775
100478397
56408728
101546971
54600151
193328788
98928985
189666886
69117033
100259888
99260994
114341609
93922040
97938412
107158451
190545652
185737480
95131140
198086386
186923594
197630858
210150920
192772853
183552183
49709509
193352290
162834126
147318569
67978203
178756547
174793002
93093351
149445475
68826470
152409930
54421580
169405462
145222532
143922786
143278450
198831443
175481295
134625848
198317807
145209820
98671483
99408772
196388821
131269203
173852148
130209291
141117370
131319307
139432853
129527471
178286795
115798602
141139356
145217231
145661750
125036450
113265204
130197731
119154130
117334003
70698565
102735387
115009384
129306857
49999957
141539560
114297653
113869679
105042506
118692930
92600232
116480302
117134231
103137527
65643744
146601868
105671334
149460995
111267079
100965277
94880632
94885332
183588413
125998540
94205314
174947237
93986880
128192238
93983027
105939627
93426389
86593532
102624742
110553045
74174075
210426628
128192758
67295020
210415040
65466919
210207809
209547687
209416325
126360122
129219181
193246138
209391140
158294558
209286267
49827210
208893360
152878577
204494890
208823100
209175463
153666364
209156268
125654540
208770759
59262514
208881315
207396990
208572793
207884941
98335625
206878035
208394081
207335909
108689732
206822432
206415992
209641384
157500365
94384874
205238393
204995037
49435376
205269856
204853375
204544231
101087161
204591537
129377263
49821753
204017871
204454338
116711148
141535576
203941874
131702936
203910174
203054066
206783603
203108352
203084735
203869303
202780448
202648693
208615647
98725787
202751964
204356557
202441233
99383971
202393109
204319722
202717936
201553550
183019775
96513572
202749351
201445523
201612747
129271592
204923472
201759596
200948594
201270755
200711815
201639670
204091000
200530363
200937420
200677993
93407258
201005004
200458663
200533844
200935337
96509336
129534478
205989585
199908746
207542552
199907796
200472506
96143827
199670957
199624266
199531678
200468299
145587579
201074666
199520820
199052306
199721027
68576372
198591901
198940814
198323296
199056526
198544880
200946146
198783973
208392779
197388451
126178489
197051184
199785765
202097410
197746589
196816737
199573641
196616033
94369863
198828624
191425826
197398372
196589052
210400000
116685184
196589095
206012146
196692061
196404623
204920013
97322160
196314426
112655574
195679714
196699368
131797924
201778234
198077604
198389851
195221980
196319449
194853312
194627596
200382447
193840920
206123030
193912852
202180266
193535911
101888875
195285032
193020217
195090770
199897679
208681885
193717382
195603415
192721491
196597184
192778324
192190074
131655378
177880700
192241260
136202418
204523597
195658594
190830795
192067547
190499903
190663939
190585828
195078497
190441379
194537959
195292310
190410446
190718543
189996458
196192719
202827757
189601054
188422114
186763735
200447803
188796731
190361428
188751852
186377297
186644143
188171165
187921444
190457309
207402875
191312836
186214187
191283914
186300956
186305055
185748131
185703172
196650754
185598734
191284484
186075020
185639300
185369653
186122631
185362921
192776548
184383838
184542590
191777582
184055056
184031270
188671653
192945649
184027307
186058562
193074689
183076311
196590913
183325222
182963592
186294260
182891336
195853705
183647649
193489250
182143993
205573874
192859851
181837257
193426594
182853750
181738046
182347885
198316219
192945245
181032139
181614522
202626105
199919591
180687975
180778825
199789309
180475305
180992015
182032346
179731953
193815616
186776221
195850799
178719898
178723725
186095993
177327531
185556013
176921867
177962717
196203163
176765919
176736967
178636576
180873716
176525224
176550720
176718556
178316623
176117704
176108184
176811134
176320482
175794849
185002601
178756030
175503257
185924060
184378842
175115197
174983493
175255073
174809140
174446681
174660285
180364300
174685932
174367866
175763441
200116707
173943426
172266243
171428374
172407914
176116007
170149415
172045610
169997765
174334026
168731683
182036413
167625076
167670773
180875173
167297811
166903437
166840035
165810254
174167405
163106930
163998510
196139523
164956839
163123068
166812279
175274204
162758323
167334796
193895716
162105489
71585292
162215220
162497786
161713262
162652861
161668512
160786988
161008860
175604222
161755366
160068031
164259621
184621660
160032707
167396208
159575452
159753354
160550848
161771692
192770293
159044851
159313680
159077360
157730092
156392003
159477974
156628360
201031622
156379935
186499783
159473631
185522815
156262045
160227604
156027859
160758619
196598574
160041888
155654701
154107612
192565436
155257398
153386534
175994828
202284313
153089280
153110874
152158158
158262551
153418442
161518589
153211880
151545784
153215634
151201562
153438992
150564200
149799137
151591687
149690318
149639490
150497861
149633629
149613656
182898821
149588257
198086633
151338194
149570032
169378620
185993325
148081114
147364640
146989729
149360731
148826251
192931002
146850330
146836291
146962410
146605452
179727603
146573422
145738026
146574991
148810365
150553023
145738270
145646119
145447642
145136921
144940196
148380874
148611140
146156717
145096121
143103208
144892835
145420413
143021459
146720031
145615024
141670061
160054445
142579975
141326989
159777110
141395247
141404323
149034705
151952588
140529643
153677928
178415918
139020226
138799333
144248582
138225634
141130458
138693735
196593796
140761265
137971356
152939039
139793718
141129795
148074899
137460752
137259946
137451100
153280433
136354242
181809063
141943350
134020536
203290025
138438874
136969175
153408999
133286475
135638365
133284034
133770731
197294736
137939840
131862713
133846865
138168860
130442667
136477916
130383572
136794482
130405198
129689666
131482917
129527081
133148527
129403692
134358083
129170648
133222049
186817713
128246898
140434329
128250650
127889790
157445411
137774128
96513580
127212917
127735572
127090417
126984154
137922546
130417938
126729985
134343181
125479569
183007331
125476199
128214271
126848409
133924526
124346122
130404436
127846891
195249759
137528123
134549615
126199904
123080395
122045215
151394049
123501670
121958890
133694917
121812675
121878571
182724343
128571071
121737423
128194149
126244535
121555982
121480206
186232455
121328385
121211828
123864229
122480906
120694594
127584248
121591175
125867888
125763290
124894311
129059463
121067655
126987857
119611979
120061606
118915269
118915271
119270017
118278849
119461573
117810352
116672997
116701152
119965765
119557209
116627820
116794446
123011236
174044219
123161219
117765309
115623524
127753296
118681082
114300705
129988235
182688983
114237736
152216609
124277146
113622105
117344199
112652492
112745755
112528642
116285223
111964039
116476081
130489614
138432232
120483500
114815946
111791310
109956187
113717586
108995901
111629076
110901753
156819289
108572517
127106515
108707593
110529671
107702482
110487321
107591776
113195567
116510567
115442215
137133816
111212971
131865013
119211969
117919413
106505920
106415130
106890574
105363838
106048000
106174137
105062868
107546154
104957105
121806553
106858221
104873697
104971282
104305437
104459443
107490171
110062782
103823889
116304924
103272372
103365213
104997127
103039273
195334017
124519665
150929830
102262324
101960059
102391073
101801640
110505767
103794310
101803673
120537936
123204742
142519981
107505877
117768586
100988148
210496425
101477342
100986207
103527638
103477555
102854159
100530414
100540994
100277939
107476590
102797940
120553824
111480066
131877436
98513096
107313499
98326274
98991687
110202423
98325317
101515215
100958992
114213076
107077667
98741185
100951040
97045558
120990719
96657249
99487318
96704463
96486916
135153201
96484220
107816753
101788773
98325209
99250584
96273129
97684903
95641245
95124236
97501172
96933751
96323107
94691032
98161720
135788324
93902886
114838945
97457602
96977381
95665076
94076017
104846461
175883546
95476512
93597190
94477703
94368072
93249963
108432221
93064323
92839238
92810355
92845692
94202884
101754358
127904518
92754218
92722160
93481104
93258656
90251848
91930816
88697479
98156260
90268130
88139553
88957279
88944412
92390589
93455626
91946840
95831291
86974402
86925441
95654021
85781614
85361474
85331869
85026988
95780894
85017720
85335769
85814574
107073553
85017246
84613428
93861764
85018863
84484593
84330088
84504304
84595536
84504300
83243610
93131620
84261479
83334021
87045248
86739436
83044973
94092486
82948792
82947082
79990769
81963617
79303879
86442153
81089073
78907574
81969864
94074049
85010083
93648861
78114872
137883959
77622967
77489447
79241282
78882134
78171945
77438158
104004616
77300607
76571655
76571495
76681889
76802587
76271378
86718136
75909340
76093678
75781075
75647712
76205258
75417411
79298232
73332746
72836302
72845754
72729281
72698164
97332454
74977246
70681755
74890093
72582938
90183203
104404077
69886943
69490933
69756232
70934182
69409472
69263058
75587447
70387461
100221822
69198863
68602451
69194424
67627453
67543700
71019265
67505079
73739184
66801150
96814136
73807987
67598664
71494662
75391444
82426446
66559628
69462616
102623899
67666913
65965396
65128506
124674588
66746856
65886664
64873416
66739375
82644351
62092730
61635428
61564290
65675638
64212986
61411529
61368864
62503077
63052735
148804285
61358926
61314355
60771640
60903677
62655609
63241676
60752202
61412825
106066030
61702835
59663678
58753379
58390641
58318056
59936837
55770994
56570259
55751136
58500113
88974477
56777676
59651587
62597984
70410137
55514908
55469148
56851982
54726179
58042254
93125197
54676885
54651363
63308707
54305518
54317349
55357468
53717430
54458122
53305295
53194413
52083134
53018177
51628241
54472537
51124129
50810314
58244549
49415729
209460224
210721514
107354136
99827410
208439841
207967567
207217101
57707257
49632144
148000374
53995479
53787619
209210820
205034556
206343518
201256856
200634661
206127680
193343147
69383179
87738495
187788483
187000766
192463978
208725733
202633318
195873412
189508002
183210321
180898721
177014933
169614703
176742185
93124297
150658040
158341767
53271527
150231534
199922403
193836604
146137096
146071828
144907231
146495580
60497737
94942268
166452891
128387995
68002155
50223486
144861686
66558032
128599533
67075185
155543967
119521236
126853222
111877914
68063923
112956289
128505922
105070141
142257806
141796473
205524210
82254173
92255727
109763793
81752079
139859312
98314037
58091087
70059457
69203822
71037329
208398863
60409130
50562927
185089736
123005355
203779193
208063008
205145133
201551346
126523796
56746304
194104281
194365402
201532861
192590956
194763897
205337037
203914615
191879731
190860539
94229967
190420316
57776122
186277360
185171875
181808890
190860092
184057940
188755638
181511300
181253452
192791981
192059765
139232812
180073947
178725186
54021628
197538265
176983514
70299125
117290626
65902927
149038867
137787634
132125755
197174437
135594896
96594843
85259891
158106575
70161746
61385840
71310355
61381444
95813501
56430272
53424535
60707420
51030317
199266290
199148720
185968552
52145148
177884937
125577833
170406922
170394944
52190105
168661220
82637867
99195042
116227988
153872286
110574257
102079947
103032102
103032736
101777866
197375033
146368759
101373624
99838303
209934097
69211255
94036837
121118858
180660519
82177312
93220523
91169583
91169588
91158533
92440723
89542836
125601689
88901288
83261235
93225995
83258780
210696825
53858689
80451407
210649741
210610640
89041285
210798336
210509212
210438053
203780074
98719352
210421738
210610153
210584763
210322805
183200424
210322804
94736190
109172247
210210693
210296980
210074476
210031336
198222930
210180361
210322801
209896603
210322806
85073332
209776835
209737571
209720219
148597841
210310296
209577381
209670549
209537162
88914541
209490846
209457648
209463695
209443560
209393258
209394748
209693585
209490849
209371999
209333178
183198477
106687242
209302913
209203794
209187788
91153400
209056064
208988324
209164806
209109491
208951897
208914769
209663994
208551974
208768689
209720222
72418927
208210366
208148019
208112391
208110562
208105687
207997412
191406505
208141967
207977738
207997408
207968693
208812922
208103862
208927814
209547868
207968684
208064585
210295175
207968663
207946572
207982118
207884030
207889140
203362281
207870717
207830462
207830196
207968670
207800798
80412001
208148028
207968651
207558597
207764316
207569518
207645337
207501419
207514091
208326082
207501384
207420179
75502084
207501379
207806418
208378749
207397525
207306295
88904897
207968659
207280106
207501410
207036366
53930288
207110580
206986718
206798938
206774977
207774336
206706128
206699955
206711967
206662947
207204174
207651554
206463454
206646071
206232669
210244154
206232664
206465884
206122916
206446974
206433217
206538533
206920702
206111578
206751152
206079358
206052162
206116682
205892429
206045001
205794487
205788886
206114496
206057012
205577826
205588121
206002885
205919246
205527673
205524662
96594448
209490877
205621997
206256914
205986141
205368561
206426986
207406458
205558687
206957758
205016723
95850599
204717393
205069947
205191785
204633986
205769499
208963425
204439442
205138281
205457448
206067936
204340888
204203827
205746243
158544460
205038992
204029012
203979369
204146495
203996942
203742647
204051654
206953261
203790455
204551972
203504698
203460372
203497888
203974241
204614350
203458764
203252972
205787854
203849157
207830453
204725351
205346812
203974212
205571837
203204947
203217415
203212086
203212227
203023930
203128751
203217841
203144527
206902942
202941660
203213919
202912372
202738440
183644904
202565198
202616878
202477109
203278409
202649353
203250137
202474442
204178036
202475027
187787651
203526204
202397905
203128749
202863879
202332955
95820863
204553697
209246278
107920634
202373825
202451222
202496751
202099161
204957398
199088039
182298502
202051798
201987852
202322410
95165841
201787760
202249112
203194482
202476393
201889298
201918426
202279462
201721170
201743091
201739060
202064702
202265493
201764921
201611100
201610330
201570438
202090404
201555642
201555235
201536826
201119193
201442579
201433434
201118795
201430344
201569289
201520190
200973645
200781394
204857731
204096011
200681226
201646223
203632164
201072133
200533842
200926214
201960003
200412073
200396802
200396849
200206341
200156533
206772485
200123420
200063521
49409773
200263537
200038893
200011960
200372064
200011636
202034948
199994193
200161049
199978539
199943879
201001172
199835397
199977547
199800683
201280396
200618841
199791022
203455044
199751149
200667641
199989068
200150230
200400327
199668527
199681821
199620981
199544673
199588800
199473976
199472954
199173802
199360056
199162218
199106909
198987708
204562127
199146311
201013572
198902875
198882438
199109814
199833956
199638798
199720453
198796929
205276535
198854828
210329438
200674103
116445820
199049490
207559002
198426132
199749866
198406670
198396430
198679057
199851131
198487600
198272301
198237258
198593328
198174889
198739311
198163132
198379783
155109559
208461992
198126271
198088429
200295392
198418019
198050295
198036222
197957343
198384210
197944599
197974866
198035130
197844650
197902174
197836761
198300265
197794943
197653437
197636987
197846858
197652477
197612070
202259564
197582872
197757365
197611554
197582861
197582848
198859563
197520573
197675075
197511031
197520559
197511828
203503068
197431714
197582839
49627640
197472879
197468027
197882550
197184225
197210126
197081386
197072179
199995457
197069162
197072342
197151413
197251264
196997681
197065215
196940646
196904451
196865052
196871764
198576502
196827218
196826787
196811961
196836276
197231550
196823832
196705672
204545717
196635494
196655880
196497924
196740788
196443064
196520480
196370236
196945730
196315275
196251571
196151365
196151357
196836780
196106374
196073586
196044358
209246275
196033175
198791331
195980191
197291562
195903640
196009544
195900369
195892188
110833805
195703752
195703725
197954224
195631037
195703723
195705940
195705960
199621206
196571208
196171047
195614969
205172552
195595549
195545918
195545879
195545850
195705942
195545864
201879837
199694155
195545792
195545811
195545756
195545713
197270917
195602748
195545611
195545437
195545459
195545831
203082130
195545352
195476609
195545685
195413810
198247437
195361110
195359468
195290361
195626155
196124367
195431234
195234082
197069166
195365735
195112598
195215162
194985530
194952430
194593237
194726238
195217215
195343160
195377736
194553248
195545382
207400591
194508500
194581406
194585705
194516384
194504258
194375245
195220465
198678947
195627123
194384329
202096908
194346558
194361724
194793567
194231913
194214287
194209498
194315008
66601248
197452617
193975856
195703753
200141773
194125561
193925046
193950666
194418009
194466085
198569058
193899307
194459187
193878542
193772843
193725187
193740864
193791066
193735087
193686123
193688796
193642835
193641619
193688853
193888316
193789199
193605332
193638381
193605145
193500936
193537479
193688831
205570504
193317499
193059909
193006660
192973304
197883228
192966431
193289155
194500242
193457574
200436079
192656106
192735690
192810769
194049142
192652260
192597737
193300776
192726600
193640963
192652703
192872644
192590000
192531707
192562669
195545420
193264777
192466505
192769485
192530632
198551928
192308432
192290160
192519976
192217860
192372403
192189091
192265014
192194690
192143769
192092453
192172335
192058249
192770225
192342698
191997105
193567723
192463106
192042063
191721255
191757920
195703726
191659171
191544217
191616435
191826236
191990900
192115393
196811319
191307174
192800171
191420439
194097710
198025789
191235809
191295338
192344038
191278450
191545137
191232536
191011984
196268675
191119531
192081755
192381072
191004305
190942655
190870657
190870658
190969512
191799281
190870621
190861550
191588039
198567268
190861539
190861077
190867317
190834142
194460319
190800786
190808641
190761088
193110591
190632706
190598881
190861546
190797526
191158000
190296671
190297202
191402925
190238626
190861076
189943238
189841201
189809734
189775606
189733489
201875990
190269338
189635505
189910415
68843326
190044819
193882498
189682375
189602154
189222032
189339318
189232754
190584283
190494062
189208343
189194426
190814019
189040160
189040164
189040156
195703724
190861552
189040169
188923611
190886404
190208960
189149786
200429913
189208765
189493845
188900963
188729083
191858695
188696285
188536439
190081275
186402372
188394766
194876881
190179423
189132330
188323676
188279453
203761093
188283949
187984364
188791718
103898965
187788917
189040154
187652820
187809556
187551514
187407172
187385683
187331826
192374084
187331851
187531377
187331808
187541716
187305011
189201905
187303458
187304984
188495109
187159175
187910542
187186720
188922274
187001803
186851040
186882100
190861548
187624281
188922299
188906291
186662593
189835599
186481520
188375110
186641733
186622422
186424546
187090330
186666510
187006099
188014970
186056145
185927765
185785438
186037535
185966371
185580354
185575936
185494471
187305054
185471610
187064610
189746959
185774221
189787774
185470343
187154551
186748867
185225442
204784827
187145294
185055675
186209205
190482188
184966456
190143254
185239949
184931926
184897792
185412608
188922329
184754839
194194758
187157967
185781292
184627085
184566939
184531434
184636222
184902039
189321073
184365630
184449630
187132813
184324116
185252469
184319150
184242565
184058829
184642123
187969418
185847223
186056124
200770655
184683265
184014112
184840539
183492748
183444303
184063307
183390285
184878520
183727852
183440899
183320925
188127886
183464924
183157872
183125401
183168908
186733074
203507920
183688768
182886297
182948550
184945647
182666189
184702039
182656525
186142553
182966227
182622005
182562830
182530746
182386641
182667938
182298266
183060337
182574280
181951507
181567385
182600883
181448358
183034138
181759291
181339733
184188387
181336809
183390809
195171048
181512620
185115853
181128607
181114396
181205912
181106710
181340497
181066835
180924192
180787852
180647157
181066685
180829043
180587196
181124982
194872167
180535555
180673548
180843873
180515158
181333141
180436665
180429976
180462348
180267451
180207153
181112513
180161208
180038311
179991125
180008773
180161237
184613954
179806789
180552141
179745445
180254670
179716213
179677952
179633221
179593410
179356790
181340047
181044852
181072836
179122830
179157643
179851538
179128011
185087590
184249673
179443349
178981662
178977673
179098043
178737641
178782514
178737619
178733090
178548962
183149679
178734381
179116729
179604619
179258640
184614396
178214237
178092142
178214267
177822652
177765902
177764085
177740458
179316462
177629955
177463579
179266333
177501146
186740872
177400552
177423020
177736681
177380718
178215062
197455862
177351107
177402193
177273957
177267256
188922222
177260891
177123408
180686715
186853664
176531374
177267892
176416735
176240944
178191037
176208660
177740917
175697055
176411250
175606799
194192633
175605848
177225185
175078478
175597171
178773617
174328845
192740394
174961897
174225857
173979213
174484338
174767480
201306415
174685406
173978849
173187126
173883921
177091054
173388499
172887261
172442783
172253514
180573663
172320064
176572304
172209225
172424378
172195118
172607572
197271505
172827575
172356520
171612848
172908423
173523549
171511958
171723045
171149324
170905922
174818513
172138141
170767939
176402987
171437355
171397372
182364424
170600062
170513816
171553717
170703037
181040778
170301441
176140121
170261091
183800473
170257767
170279891
170029669
170025917
175462319
182974077
169938594
170018276
169859335
169808784
169645426
169590432
169580423
169343670
169272287
169866170
168885424
169893192
170222849
171429718
170452901
168780800
170040461
169958457
168809866
168857957
168752112
169498428
168717386
188922182
168690224
195625764
168386153
189268066
170655012
168328801
168005991
168369712
171728795
167763532
166901779
166837015
168237582
167164478
167141110
175539621
166297499
167456795
166819248
167348478
166522858
166269829
165400260
166035445
165497420
166091208
165121152
165080802
165026518
167930814
164999047
187587298
164505327
168145159
164215812
164970819
168214151
164247062
176702187
164164649
191177668
168477217
168325733
163800590
164127700
164157181
164253174
163965497
163779658
174850650
163768728
163791315
163752034
163466974
163715156
163628858
163737332
163791250
163738237
164949924
163106349
163389139
162845589
178259388
163361227
164251244
163025077
162653178
163478360
162510000
162790107
162368334
162506130
182124363
163512498
162807850
162315927
162688270
162281771
162229709
162261718
161810639
162135913
161754456
161726653
163717977
161610609
161351035
169548602
161779767
161408412
161630811
161125646
200575700
161011013
161117964
161087297
164004543
160880097
160800150
161209839
160330261
159810353
177281081
159764365
168154481
195628926
159750600
160327709
160527726
160884606
163566146
160277779
159174076
159386590
159142580
166609282
161083871
159766583
159118281
158905129
158904143
158798387
158733119
160529744
158677571
196335195
158999117
182549472
158282657
158591825
159720576
158275070
158184423
158129018
194417948
158540915
196204479
159317012
158106077
157946057
164250401
158354225
158018406
159852893
160524311
157575777
157826995
160764352
157646844
157863934
157559947
157463513
157523927
160463367
158257218
156296023
157862661
156296001
156296013
163402990
156088791
158539615
158540858
155777764
160836738
158187876
120547812
155767044
155721604
155921489
156296028
162397976
155639252
155768567
155558988
158838114
155504428
155652291
155308923
155106345
157862643
155424550
182137579
155210166
157239107
154957290
155121693
155895220
155004474
155652334
160416041
154993163
154696251
183779536
154354855
155458600
153863972
154788909
153821940
154927592
153826255
154108596
153776354
154006282
153797801
154974138
153592571
153269346
153597117
188866733
153005705
153223977
152946049
152849422
153048893
153576233
152937524
154241388
152651734
155650545
153585296
152434810
152314181
172829047
152617613
152177162
152651498
152146942
151453787
151464977
155644138
151401080
151968486
151479724
151850310
151330788
185976599
151466678
151299617
151385813
151343170
158574405
158540813
151026807
150751150
151401243
151000333
150659873
157535819
150726074
151445101
150552335
153755354
150678319
150265422
151144342
150427185
150052521
150042077
150028063
155107880
180565349
150002675
150026635
150021387
149949206
149929888
149943821
155459325
149860066
149978345
149751782
149566797
149396216
150097735
150223220
149687509
151327367
152823169
149302171
149810931
149297187
149286098
149043622
149048577
149184520
149004796
148576409
148433496
147944547
149030825
148870462
149220266
149018193
147667199
147634645
147868931
184969617
147856472
154777471
147667151
147389039
151220171
147332436
159709751
147330018
147161796
147110212
199265948
200078775
147074762
147346016
147146522
147483567
149319082
146932589
147054128
146592773
146400842
157741217
146258396
147377004
146011161
146020962
154777528
146217788
145959439
145930641
147064703
182130620
176703649
172140796
150976036
145348555
145241303
145348409
168279862
146866835
185969943
146877694
144376495
144381049
144371244
145974870
144052524
144290428
144931731
144336626
144370441
144906849
143942241
182968678
145688413
143089943
143137798
145671644
142799952
142667911
145429728
142621822
143128588
142604263
142461481
142383305
147622209
142104713
145380549
145904186
142206385
141868691
141777788
143001998
141768974
147161045
141615332
141627346
145408697
141400591
147342875
141466365
140880300
141210804
140879194
140878132
141989624
146191344
140865302
140855616
140800985
141306163
140608769
140519910
140143078
150729376
139959885
140649591
141945876
139448226
147318045
139105905
143011132
138298320
142723514
138428468
138238376
144031953
138183007
155231780
138126302
139202818
138431536
138004685
137369795
137442023
141372556
137416252
137245411
137205487
137350911
137298967
136607548
173838793
136634752
136634967
179715612
150489895
150971567
137285930
136484003
149354715
184046539
136048205
135594004
136112176
135580901
136936330
135377651
135431533
135339260
135200646
135479153
141446556
138173765
135318793
135155312
135149219
136458252
134909297
134863829
135124520
134164644
134746878
134082378
134540362
134784815
133562414
144017459
133922893
136981380
133618234
136471049
133040675
133942233
134539973
133037598
135485972
135354055
132125712
132034735
133150232
131852448
152618527
143187473
132685271
131585461
132514534
131526923
137234089
131380944
131846315
131606185
133494423
138973135
131377769
131348438
131202521
131087020
131017091
131075385
130798575
130636402
131233539
164245383
168566852
133050254
141628393
137212506
132312495
130341769
130625099
130678701
131376918
130177512
129704169
130238274
129124736
129203420
129780004
142057262
128993883
128966253
130477017
129007550
129980976
128795981
130002405
133024869
128095329
130178338
128003435
127862946
128300186
128994221
127879532
133426986
128060281
128365866
147488418
128341885
127527382
127081295
128551706
129717977
131268475
127065267
127065006
129708871
127029893
127153463
147442596
127120879
159896132
126912112
130241481
126770874
126768640
126501709
126301126
151093205
127737251
125961249
125960977
128746913
126242121
127202818
125853774
129020183
126120820
125828758
125714828
125695527
137300140
125694598
127063646
157274676
127152144
151678476
125424512
125253648
130587244
124937944
151861343
124706497
124605078
124604311
124606079
127264510
124597998
125660026
124378981
144211366
124029994
124004764
124577177
124371652
131045986
123924753
124011186
123295240
123281760
123274398
131317102
123213185
125061361
151334056
123199898
122926918
122951026
125148009
122900504
122872945
122890892
122868720
122737983
122582677
122890959
125782523
123792631
123924555
122247781
122941067
125151320
122078346
143032666
121921790
122805943
121795341
121818757
140108422
122656272
121736670
124284258
125429195
124401930
130904718
121353549
123802425
121788096
145637298
122019793
121341417
121380605
122330427
120859278
120551137
121251974
120422333
120826990
119775951
131941029
119637385
121541306
122212321
167834019
119137241
119108234
121326407
119247285
119213928
153432471
119140779
119000159
118948564
119058606
120848578
118905501
125954157
118665226
119002634
118898127
117995902
127037948
117984725
119858571
119040813
118159940
119655491
117739613
117724937
117530061
117519821
117319932
159936377
117253393
118471784
129284393
117763878
117389050
117158306
117826514
116701587
117483506
116658467
118365630
116537986
116614064
116614092
116951472
125150543
119028098
119008025
116486748
116486731
116486691
126407445
115945253
116325978
116443814
116285440
115770490
115588564
115720331
115468960
115471308
115531012
115303441
115505955
115446303
116615130
125589186
115175067
116455240
133187414
116523598
115310565
118968924
115182326
114553565
114727312
114663111
114724137
114560752
121259724
114402282
114401769
114466153
114385650
114552859
114303943
114289439
114212047
114294858
126413672
114033224
113950310
113977969
115942529
120678162
113819335
113750799
138212541
113480721
115913580
113247959
113540804
113544823
134382942
113160840
112730878
112944369
113901218
112528406
112733875
112502609
113020973
112821509
112478630
112684944
149351777
112142178
112409942
112444814
112116464
112746324
112104664
112003752
118934476
112015197
113742468
111998454
111975036
111732718
111985698
111608836
111548528
111468580
113455517
111524186
115072227
111395186
113399584
111085638
111188845
122428248
110973266
111082542
110785934
110971878
110095565
110754326
109851153
144212461
113365172
109742692
109916312
111631307
111232726
109618893
111403701
109540311
109778085
114668013
109540359
109536209
109231255
109129208
109125368
109025777
133385051
109396077
108816437
108769226
109016620
109869507
119753749
108644051
108643747
122960005
111438758
111662354
108378155
111460470
108364627
109655571
108052420
108034215
108255124
111659897
107715189
109015952
107521207
107220352
106894056
110307095
108221600
108489237
108945393
106993577
106733299
108603122
106670761
106681814
106670386
106670662
106465020
106398089
106390879
106965429
106670721
126549630
106218485
106303239
106075678
106017214
106032627
106016410
105960789
105840590
109657927
106584738
105527443
105486667
106691256
105448163
105388998
105839597
105484898
105504698
105449701
105385003
108012521
110333848
105385020
105383290
105372517
107192984
105372505
116272218
105367819
105367683
123793803
115722680
105321341
105388978
105367787
105116605
104966228
119964705
110305064
104964733
105220407
104605905
104529222
105123599
121545968
104483530
104475822
104451091
104348934
104770268
104253346
104170400
123801671
104156255
104173293
104579881
104061831
104128040
104279274
105188214
104035599
103959217
103889157
103937436
103844538
103815695
103815720
103815677
104612746
107800961
103815380
103793526
103792676
103810537
107192376
103877939
103791289
104090768
103788811
125954356
116486791
103770801
103780338
103790985
103345635
104424768
103279408
103680962
103537338
103263486
103486357
103295104
132261878
102955111
103179713
105760218
102673797
103160340
166966120
142048169
106343613
103568582
102904143
103524711
102479956
102445468
102445465
102515121
103263409
102445363
102445384
102132036
102541018
101773429
101766528
104288147
102601648
121403634
101636377
101553520
101492964
103695536
101405816
102445414
102198203
101309548
101372428
101251883
101804884
101198555
102255132
101172602
101546602
101171430
101164711
101088539
101038219
100671289
100834182
105722371
100925700
103169087
101794065
100567490
103378054
104045184
100545199
101801562
100294622
100236134
101244371
104668024
100187682
100187657
100187641
100187622
99832152
100608586
101651579
99757948
99784978
99511249
99668829
103815715
100291089
100458797
99595209
99110658
100071418
99093143
101169656
99453856
99303169
99066014
100187670
99065983
99063427
99065955
115084996
110917069
98851002
200918283
115520499
99065989
98757606
98617512
100663535
98083109
98938833
102445437
98263262
105206110
98013069
97832346
101028260
97825838
97894873
97810587
99567931
97937109
97810352
97676820
97767473
97686233
97483001
107676864
97349255
97746219
155459331
97683602
98780014
96899238
102620707
96988628
98953198
96828007
96539039
96353710
96539087
95639443
103317722
95682000
95352843
95997424
95281997
95126556
97048226
95067922
99756544
95047453
96142823
119902684
97799514
94923791
94919422
94558564
126557252
94882545
94971140
95801871
101209116
96342182
104116162
93870980
93865987
95570865
94467172
93116717
93094892
94031795
100600207
93078235
93069379
92963842
92966657
93432865
151333984
97041030
92894822
92373712
96473239
99381532
97494777
91918103
93289866
91910422
91766273
92248011
91833513
91484096
92230787
91365930
138230766
97165828
93290946
90852597
92780926
90808570
91475640
91241274
90716230
95419193
90375111
90633408
93409783
93981964
90231956
90657446
90006216
90367837
89961427
91112807
90004688
89605270
95031797
89342743
94220409
89133525
88975049
89006695
89156650
95977626
88806145
93596131
109679696
88796726
88462792
98462174
88630054
88767574
87484162
88972283
87380624
89242778
87345927
87784198
87345843
87345779
87345742
87979553
87333389
103781885
87372865
88267557
87159619
93787362
87258776
86668846
89460014
86322301
87142582
99680242
97920030
86224017
86629882
86336628
86211908
85360015
85657209
85561325
88632961
102967086
84909972
86851907
86205284
85059786
86103616
84468674
84949535
85880009
85290228
84456378
84605491
85264541
87398592
84265713
87345810
84266248
87345886
84260764
84261929
84111858
83969720
155544726
94560145
84261065
83962186
83573526
83515523
84282934
84519467
82889043
82841309
82841810
82202087
81617417
81765192
81833789
81407401
81370640
81560437
81334884
81323655
82158098
84266056
81807393
81901565
89250408
81323037
81560314
81319775
81224477
81205732
80946554
82281943
80003499
83650565
88367060
81560255
105793056
80837178
80922712
79697202
83301989
82181494
79139532
83310852
78100988
78266435
78539336
77539536
76701706
78100969
80621163
77488870
80900543
76690693
76680958
76441761
76410924
76285030
77556501
75941116
75656107
75539147
75629146
75523936
74795772
74736134
75745482
74434813
74612592
74415644
74397482
86250212
77259507
83528985
74204897
74047753
79524216
73934126
74379027
73358704
77093660
75013227
73901993
73249072
73231004
82161478
72974028
73294088
73281714
72695636
72586252
72255548
74913777
73534291
71983913
72213059
72109645
71975941
71757193
71643711
72360749
71525434
72550543
71836697
73576732
86199486
71856612
71362462
71261676
71273148
71288026
71484883
71463781
71093926
71131787
70959446
70960048
70959428
70959443
70959444
71570679
70839400
70543066
70724754
75170939
70829247
110930422
70518811
70149567
70197193
70217952
70146926
71212534
70420973
70113823
70162798
73292651
70050581
70021869
87358012
69327625
69399876
70087090
69069281
69323264
69923585
69127556
68605813
68891333
69968861
69964842
68491843
68537652
69033182
68490455
68413550
71736796
68865701
69491071
68987499
69007917
70025394
68279586
68138393
68131154
68124304
68446729
68014503
68037561
67904277
67798753
67798836
67798808
70422327
67636317
67747382
67509891
67239636
79520095
71744445
67798778
66649096
66550962
66938842
66691880
67140862
67782830
66387599
66371282
66324882
66127156
66398504
65862526
74961476
65920707
66092550
65650874
66023203
91755382
65566365
80246855
66252564
65543946
65650054
68109817
65692202
65215685
65295145
66322243
65167117
70958262
116687138
65098870
65537597
65391180
64941315
64673428
64555080
64752375
64420481
64402833
64420022
64397332
66324932
64166055
64029958
63863001
63675790
63675812
65424857
63675780
63627023
63589258
63516185
63583996
63675775
63140661
63592792
63009147
62488589
62999605
62863460
65503099
63727330
63818086
66941848
62110475
62947863
61687314
62040260
61759371
63259026
103023408
61672471
62369106
61571457
61563843
61539159
61539163
67070429
61539168
61539158
62454777
62617610
61539151
61539152
61539157
61466025
61227793
61429832
60844819
60923898
61539155
60918831
61034092
60512513
61037189
101909820
60329036
66946806
60378669
60382686
63557751
60357027
60660508
60104272
60364279
79627758
82554653
59998807
60078641
59388065
59297021
59003850
59407601
59078163
58966018
59739024
59013993
58707776
58723782
58047403
58388152
57592152
57596798
173819117
68548998
57361835
57978900
57361831
57986686
57361832
66186119
57632270
60135006
58255261
75366972
57031103
57545331
57161319
57097373
58762000
57293269
56464427
56616512
56351248
56517385
57224844
57041361
56270036
57986714
56270027
56181551
56293212
56045073
58467236
55798539
55803390
58028447
57782234
55408833
55338010
55329937
58885304
57138751
58028443
55126129
57398582
55995747
55323741
54914320
54737030
58799378
121954896
58192486
55001950
54734624
54283026
91739464
54390331
54171276
54587528
54126138
54105249
55870953
54424666
57361829
54300246
53858286
54081159
53224812
53089639
53067826
63974093
53341350
54204042
54082491
53597300
117875232
52643484
52108845
55199793
52102327
53796741
51790972
51790975
52669628
51590446
51568788
53511572
51477346
56271139
54483164
54576951
50894658
53486561
50869423
50846820
50963929
51790969
51028109
50830318
52867696
50940377
101167258
50359982